$ANSIBLE_VAULT;1.1;AES256
63353037633036316362326631663936653039383438333334303165363839376434333732653562
6230303634386531623766356565323431313331393139650a613836323363363166666336356164
35383738616561393539363531616234623064343163656163343366356531363230616334376436
3836666562653134650a306665626266386261333131656638623935383232383834633965656666
64373232316138666233336133666665383937613339303636643337616439623037356135306132
65343736343732633164616439336132646238323564383639396439633038623462636337383532
61363166613635643666633366363036333564303134303562653134633634663933376165666232
33336363623339373037666133313633333265623236393931643461303835633731386664386265
62613262353264346135363965323737646663356638376661366162306138366561316331613835
32393637373233336466656431333432663161313062363966383564323834366565323733393436
32656338323066383632313132333563373038393533326337623533633435326364613834616239
30303635653539383835623063376539396336613331326462313330353031326437366536326133
33396366313338343162633138303235643265313165643837346566663166643965373463363634
62653136363331316133323065366465336337613563643765323836613564303737353135636564
36623534623961383164386537333165356362333863623062646265316436633664376533653862
31313263623536356439303531636538363938363766656565303365623237396232363036316362
61396437366136616566333331323961373863396331363066353731663733666237646539346131
36326537326637623736323637373163636565333337636132333463396332613066353737376464
39343530353337303865376630616632323261323339336362363462353039353533353633613931
66386630306635303564356665366433303838396265646435303731346262636437663962383636
63376361303461333333306439663831646163326266396439303938363137353131616538663836
61383265343464383763366665623934393830333934356534323737643931653563303637306537
38323538653634613566353861303939383535393066666335313839643562313935343133666662
65306665633931393364623463636537333638363663356432303866353031373535636630383531
65313463373633383131346537343065626537663732653961363264613861306131313237393339
61353265363930356135616337316433366362336632643835373137383630343061303063613730
31316566366437373739613363323764393039306433366439343238353238613163653230303237
62396631323035386661376263333166313239323535663762336237356639336133333165373632
37653733633264656232616136386339613639313032333938613061643365333362333063326333
62386132356164636435646662353936363938356236396334666630323934383137633739646366
65626530633862393535346135343839646664633361316535326236636436343962623033656638
65393936623962313037323534653935393162333965623235323036636266343530356636323336
63353165323266386231643536396637366631316535613065393431633339623431373137633165
33616435343139663339303433383565643933386237323139356664616565666337323766366164
66636163626137316631663135626236356134363664346535343734333934303864363439643934
37633737616335663631656630646563313138333630393961356662663330336263643032656461
31633964653032373965646263343237666438386533393466386536356333346637376637626436
62323563656563333930336563313237633165343938323662316336313631303766363938333964
64643163633637643934363236363935316230613830303832366466333733616337613933303363
35633632646466353466383330663866663662653065313730653230633534333664623737343538
66323430303561323238353032303633633931336264303864393032396332333662326234646435
36666161316238303636306235383939666639333762633333393632633666666436343334386532
36356136636130633637663633363236656431343735643266353232316131333461613462393930
34343831656330383231646165356530363463636639666534626564313734386437623562623834
32636134363464613032316635333634393036643434663530316534323166653761643830376638
31356634356539336263663734643331376262666130326533333037663433376239356136643237
33623834323238393235383139366166656334346138326265346530306664356631353465333739
37656264633430346339643331653632633738316338643031316234643338393034323531623337
64316633653366386436646436356435623532613631656434353065393061633535316135623033
32343334383638306430653962646239323930663932306133623261396165393063323635623164
37633863623831383437653065366136363865353036613663653734646133636166396535333238
30313163623035333065343336363136633534653939633233373965333038636461383033313566
65356565386366353263343531303732343564383537316664663338303130623734356332636131
32663463306537633930383762393562363433396666643330666436663439396135373530343464
66313238393432636665383530373835646563333665643562366130633862666134316234623331
32616366393937343737636338313535356431653931393435613635623363313464393262376438
39626139663331376637393235653330366131643131623263343738633735636135396466313236
33376639623838623762356239646262383462643336386234333862333561636366346533373262
66656231313831623539636533333437333033613836363766626539353266363331313130653636
34373832613233613166316161366564383233343163356638373634656431373361303566383231
32653736303864363533383161393637626565653961646239313264643531306462653431393466
38393661346266356439386633363830326466343966373134333861613666623762333363393635
65343234323030666538626263616235333266636261623662353135653461636232383133336139
30353764643634666166316362363266356336656264353330643066366362396564346561363636
61616164633932386265623135636433303261633339363136376533653964333530383338663831
66323735653862656230326637343762363438643762323630616237343530353534383436613766
32343066343766336462393632666362663238356433336166343039346133323739323639333139
35633639353865333939316134323566373039316265343666373364306434663664383932656535
62363762373535373066366438386238353035316230303962303530373333393966313235656166
32363262376163376637653134653134326531383739323837303562323064313163373163346436
64333061666530613337626166656166663437333230373630653462396165316432396365643438
66383431333635306338326662663039376530373664326135313362373431356566386634393137
31376238326566623036393463666138643131366466336664376534626533313363303734616533
39613663363934326435656261323839633031383733316435666561383864636466626530393464
63346262303831613632313234326562363531343536666333316166663337333738643766373764
65303665613365613639363339333864316566346630663439326338396231323136393661336561
32323564343637313632306437383030363435396432613163316232656232323039356365313038
33636439356161636336356234636364626161643734663964666535396435623732616462663335
35343036386466613233383538646466613361343430623063356664383735616434383033653630
37666162366461336664353934363961353262613564653064376437373032313065623330353137
62386133613435386638366363313232613532636430383664303034303866646265303965613332
37666465333134303533393132393235666439616132343964353235653336386632356266313934
34393935306661616139313864616237643639356262316266643563343336633132383537613333
33623837376233333730356538626535643338643332346337373035323763376536396439336535
32613262346137616637646239633337343833366135303361663931613266626663373435346231
34346335333562626365646532353131666638383363316464643963623262666331646438313636
61613434366135623665626235356235653932383061636238326432373931383932333132313636
31313839316531643565353061363663336239316165306136383333353337393633616638636335
38323838383266623839663436653062373239643731333863303039393230303234383462643734
39656437373165306237633939303639376335343532343936386637363933636537633362333139
38373539656238633237633833363862353135346238616562323739306562616130353062343764
36333838353762306263396439306132613434323534333561326563333133313364613663643830
33653661333663666164633364346462616537346132633838666435343339313432653832323933
32396334333738313065646264363634353961666564326135386531633335393961613032623332
33333161366231663033656431653333326665663330626533353636386561343037356463343534
39333239666538656461373865643935313832336237303734343762643330623139666163353337
35623762373466666261323863316430373330383932646237616538303534323139326633373631
30346437393162316465316137333265396266636439343366386661666364396464633737376361
30336262353063613832656635366663643931303966343539313863643030623031373332396264
61303232643665376561666264386539373762393136343361653533613538313664653238373634
31343735616266333634356136636332653566643034336663336633366263636231323439356561
30326633396166613333363164363964323366316463373035613466306432343038613537316332
37643630633534663036383530656430366565376431303739386166336535346230373331393365
66323164653265633233343066376161346562333638653138333631663838623531326531346134
34656136373563366330323235633933623734633763393238633934643335643465653236656364
66326461666364353566613232643536363939326162616336333465613165316166336536313731
65653837313933663239393831386436333630316632656136393534613565646464643263373665
61623366386130353531663531353937366165646230643234616537336665663133396337383766
39643330653831386533323439656432633733646661333436373863373038356165316632393032
62323033383235306437313339636265303339643630393663653664643137373737646337613962
31343136346262636164363438313966303839373463353266383932353930656161663434366264
61366333643135386661303063333935343035373166353234396331656265653462316261323236
34623333643630653164643730356234303637643061626434343663316639633262333461363539
37336337633439653865666635353031363262373430646361636233313636393538616232343265
66333738353361373838663964646532623638633333663564396638333439633237653834313365
66623437653465353830323932666132363365383630303735343765613430306561363730643731
31313139386262333564626164326236383430366665306235666164363335346363313838646663
31663838616334313761313939303738333131333733313561356134626166313764323235393930
35666362633366396530383337316564643335326239346230353966643164313832643134306434
33326237356337373161633764656336643534303737306530616436666563663262333831633036
31323630303062303462636366386536373037643539623961306163333630616263353933663933
30303932316366653738643539666630363736303861653833653232393964383937643236326435
64663139666138313131656234366432316633316134356232393634643230336532376436333762
63623738646430373139
